-38
14
-30
60
00000000000000000000000000000000000000000000000000000
00000000000000000000000000000000000000000000000000000
00000000000000000000000000000000000000000000000000000
00000000000000000000000000000000000000000000000000000
00000000000000000000000000000000000000000000000000000
00000000000000000000000000000000000000000000000000000
00000000000000000000000000000000000000000000000000000
00000000000000000000000000000000000000000000000000000
00000000000000000000000000000000000000000000000000000
00000000000000000000000000000000000000000000000000000
00000000000000000000000000000000000000000000000000000
00000000000000000000000000000000000000000000000000000
00000000000000000000000000000000000000000000000000000
00000000000000000000000000000000000000000000000000000
00000000000000000000000000000000000000000000000000000
00000000000000000000000000000000000000000000000000000
00000000000000000000000000000000000000000000000000000
00000000000000000000000000000000000000000000000000000
00000000000000000000000000000000000000000000000000000
00000000000000000000000000000000000000000000000000000
00000000000000000000000000000000000000000000000000000
00000000000000000000000000000000000000000000000000000
00000000000000000000000000000000000000000000000000000
00000000000000000000000000000000000000000000000000000
00000000000000000000000000000000000000000000000000000
00000000000000000000000000000000000000000000000000000
00000000000000000000000000000000000000000000000000000
00000000000000000000000000000000000000000000000000000
00000000000000000000000000000000000000000000000000000
00000000000000000000000000000000000000000000000000000
00000000000000000000000000000000000000000000000000000
00000000000000000000000000000000000000000000000000000
00000000000000000000000000000000000000000000000000000
00000000000000000000000000000000000000000000000000000
00000000000000000000000000000000000000000000000000000
00000000000000000000000000000000000000000000000000000
00000000000000000000000000000000000000000000000000000
00000000000000000000000000000000000000000000000000000
00000000000000000000000000000000000000000000000000000
00000000000000000000000000000000000000000000000000000
00000000000000000000000000000000000000000000000000000
00000000000000000000000000000000000000000000000000000
00000000000000000000000000000000000000000000000000000
00000000000000000000000000000000000000000000000000000
00000000000000000000000000000000000000000000000000000
00000000000000000000000000000000000000000000000000000
00000000000000000000000000000000000000000000000000000
00000000000000000000000111111111111111111111111110000
00000000000000000000000111111111111111111111111111000
00000000000000000000000111111111111111111111111111100
00000000000000000000000111001111000011111111000001100
00000000000000000000000111001111000011111111000001110
00000000000000000000000111001111000011111111000001110
00000000000000000000000111001111000011111111000001110
00000000000000000000000111001111000011111111000001110
00000000000000000000000111000000000000001111000001110
00000000000000000000000111000000000000001111000001110
00000000000000000000000111000000000000001111000001110
00000000000000000000000111000000000000001111000001110
00000000000000000000000111111111000000000000000001110
00000000000000000000000111111111000000000000000001110
00000000000000000000000111111111000000000000000001110
00000000000000000000000111111111000000000000000001110
00000000000000000000000111001111000000001111000001110
00000000000000000000000111001111000000001111000001110
00000000000000000000000111001111000000001111000001110
00000000000000000000000111001111000000001111000001110
00000000000000000000000111000000000011111111111101110
00000000000000000000000111000000000011111111111101110
00000000000000000000000111000000000011111111111101110
00000000000000000000000111000000000011111111111101110
00000000000000000000000111000000111111111111000001110
00000000000000000000000111000000111111111111000001110
00000000000000000000011111111111111111111111111111110
00000000000000000000011111111111111111111111111111110
01111111000000000000011111111111111111111111111111110
01111111000000000000011111000000000000000000000000000
01111111000000000000011111000000000000000000000000000
01111111000000000000011111000000000000000000000000000
01111111000000000000011111000000000000000000000000000
01111111000000000000011111000000000000000000000000000
01111111111111111111111111000000000000000000000000000
01101111111111111111111111000000000000000000000000000
01101111111111111111111100000000000000000000000000000
01111111111111111111111100000000000000000000000000000
01111111111111111111111100000000000000000000000000000
01111111000000000000000000000000000000000000000000000
01111111000000000000000000000000000000000000000000000
01111111000000000000000000000000000000000000000000000
01111111000000000000000000000000000000000000000000000
00000000000000000000000000000000000000000000000000000
